0.000365333
